--Écrire en Python la fonction ‘est_arithmetique’
--qui prend en paramètre une suite de réels (tableau) et
--qui renvoie un booléen.

[2, 4, 6, 8, 10]: True
[1, 3, 5, 7, 9]: True
[10, 7, 4, 1, -2]: True
[2, 4, 7, 10, 13]: False
[-3, -6, -9, -12, -15]: True
[-2, -4, -8, -16, -32]: False
[0.5, 1.0, 1.5, 2.0, 2.5]: True
[1.1, 2.2, 3.3, 4.4, 5.5]: False
[]: False
[42]: False
[5, 5]: True
[3, 7]: True
[2, 5, 8, 11, 14, 17, 20, 23, 26, 29]: True
[-4, 0, 4, 8, 12, 16, 20, 24, 28, 32]: True
[10, 7, 4, 1, -2, -5, -8, -11, -14, -17]: True
[3, 7, 11, 15, 19, 23, 27, 31, 35, 39]: True
[-6, -3, 0, 3, 6, 9, 12, 15, 18, 21]: True
[20, 17, 14, 11, 8, 5, 2, -1, -4, -7]: True
[12, 16, 20, 24, 28, 32, 36, 40, 44, 48]: True
[1, 3, 6, 10, 15, 21, 28, 36, 45, 55]: False
[2, 4, 8, 16, 32, 64, 128, 256, 512, 1024]: False
[3, 6, 12, 24, 48, 96, 192, 384, 768, 1536]: False
[1, 3, 9, 27, 81, 243, 729, 2187, 6561, 19683]: False
[3, 9, 27, 81, 243, 729, 2187, 6561, 19683, 59049]: False
[2, 6, 12, 20, 30, 42, 56, 72, 90, 110]: False