--Écrire en Python la fonction ‘sous_suite_croissante’
--qui prend en paramètre une suite de réels (tableau) et
--renvoie une suite (tableau).

[]: []
[2, 4, 8, 16, 32]: [2, 4, 8, 16, 32]
[3, 6, 12, 24, 48]: [3, 6, 12, 24, 48]
[5, 10, 20, 40, 80]: [5, 10, 20, 40, 80]
[2, 5, 10, 20, 40]: [2, 5 ,10 ,20 ,40]
[-3, -6, -12, -24, -48]: [-3]
[-2, -4, -8, -16, -32]: [-2]
[-2, 4, -8, 16, -32]: [-2, 4]
[0.5, 1.0, 2.0, 4.0, 8.0]: [0.5, 1.0, 2.0, 4.0, 8.0]
[1.5, 3.0, 6.0, 12.0, 24.0]: [1.5, 3.0, 6.0, 12.0, 24.0]
[1.1, 2.2, 4.4, 8.8, 17.6]: [1.1, 2.2, 4.4, 8.8, 17.6]
[42]: [42]
[5, 5]: [5]
[3, 7]: [3, 7]
[1, 2, 4, 8, 16, 32, 64, 128, 256, 512]: [1, 2, 4, 8, 16, 32, 64, 128, 256, 512]
[2, 5, 10, 17, 26, 37, 50, 65, 82, 101]: [2, 5, 10, 17, 26, 37, 50, 65, 82, 101]
[1, 4, 9, 16, 25, 36, 49, 64, 81, 100]: [1, 4, 9, 16, 25, 36, 49, 64, 81, 100]
[512, 256, 128, 64, 32, 16, 8, 4, 2, 1]: [512]
[1536, 768, 384, 192, 96, 48, 24, 12, 6, 3]: [1536]
[101, 82, 65, 50, 37, 26, 17, 10, 5, 2]: [101]
[100, 81, 64, 49, 36, 25, 16, 9, 4, 1]: [100]
[1, 2, 4, 8, 16, 32, 64, 128, 64, 128]: [1]
[1, 3, 7, 15, 31, 15, 127, 255, 127, 1023]: [1]
[2, 5, 10, 17, 10, 37, 50, 37, 82, 101]: [2]